FamilyID	Ptrog<1>	Hsapi<2>	Pabel<3>	Nleuc<4>	Mmula<5>	Panub<6>	Csaba<7>	Cjacc<8>	Csyri<9>	Mmuri<10>	Pcoqu<11>	Ogarn<12>	<13>	<14>	<15>	<16>	<17>	<18>	<19>	<20>	<21>	<22>	<23>
13	0.000683181	0.407265	0.00684156	0.134991	0.224281	0.224281	0.0113442	0.259661	0.000105071	0.00177952	0.467627	0.00210126	N/A	6.57088e-05	2.04202e-05	0.0242181	0.253715	0.887319	0.0335012	0.92766	0.711696	3.45295e-07	0.00333791
17	0.347687	0.00400176	0.775827	0.125464	0.367712	0.763027	0.108514	0.589356	0.0398413	0.0791965	0.394154	0.00214243	N/A	0.0281555	0.000338124	0.0324891	0.882882	0.433041	0.101589	0.197591	0.695781	0.000599103	0.0879421
21	2.46247e-06	6.02456e-34	0.792459	0.141015	0.916948	0.756545	0.620631	0.595734	0.21477	0.237722	0.530746	0.000535362	N/A	0.0281555	0.000168556	0.0353391	0.213962	0.0329608	0.00245739	0.920655	0.68895	0.00264255	0.227206
24	0.00183197	4.46753e-23	0.263838	0.928126	0.394845	0.713635	0.558259	0.741268	0.201467	0.940695	0.333019	0.00671437	N/A	0.0710209	0.0121397	0.177768	0.15601	0.136557	0.000650409	0.730745	0.650213	0.0403282	0.3763
27	0.0112449	0.321605	0.28586	0.283909	0.049247	0.17304	0.00492558	0.582669	0.00129858	0.256749	0.385074	0.018189	N/A	0.00437172	0.00401149	0.0707432	0.461063	0.867773	0.501988	0.604716	0.681833	0.00264255	0.0808755
28	0.000265277	0.00343541	0.2561	0.144649	0.0742778	0.0461415	0.00116126	0.0843343	7.05033e-06	0.0285871	0.411206	0.146634	N/A	0.000566457	0.00495881	0.391945	0.874501	0.614107	0.882891	0.592937	0.117004	0.00264255	0.00539861
31	0.652368	0.00187314	0.0264134	0.506555	0.276534	0.0754506	0.00593393	0.835653	0.0257345	0.237722	0.530746	0.0155317	N/A	0.0710209	0.0731465	0.159932	0.396776	0.363962	0.00810063	0.550223	0.650213	0.0109363	0.108954
32	0.832009	0.0088097	0.640725	0.023739	0.0594238	6.46166e-06	0.384461	0.396064	0.130472	0.689751	0.155894	2.37417e-14	N/A	0.755543	0.258371	0.876949	0.779011	0.0818259	0.000790292	0.854276	0.580059	0.128605	0.0131514
34	0.676457	7.44288e-07	7.01455e-09	0.174822	0.196694	0.0620622	0.63024	0.842722	0.850056	1.1437e-06	0.230942	0.00610505	N/A	0.281236	0.00599592	0.0517615	0.635062	0.851647	1.25666e-05	0.000379071	0.695781	0.000599103	0.0164822
36	0.014316	0.49279	0.758424	0.000225656	3.60308e-05	0.000652043	0.339377	0.552252	0.571218	0.486267	0.276562	0.0016104	N/A	0.281236	0.00599592	0.0817014	0.866866	0.0668809	0.000650409	0.15138	0.67059	0.882998	0.226063
38	0.00237929	0.314642	0.0371648	0.261812	0.294135	0.55581	0.0642607	0.115146	0.00612301	0.491391	0.702136	0.0213048	N/A	0.0281555	0.00556369	0.194888	0.16952	0.860388	0.0801367	0.740183	0.658622	0.0754558	0.363161
42	1.04196e-06	0.284835	0.0649482	0.298933	0.128524	0.285472	0.213624	0.0426528	0.0257345	0.479929	0.813455	0.0054811	N/A	0.0710209	0.0121397	0.346267	0.860931	0.844871	0.0296797	0.558259	0.654462	0.0754558	0.611687
44	0.284835	8.05249e-14	0.383255	0.00017839	0.87496	0.182468	0.313212	0.930907	0.00404939	0.689751	0.0328401	2.68817e-08	N/A	0.755543	0.0658648	0.0836697	0.820249	0.00369335	4.46817e-06	0.881029	0.607594	0.376835	0.0344691
46	0.0907703	0.423191	0.0554692	0.766144	0.523521	0.0649951	0.0153872	0.729954	0.0345465	0.491391	0.491391	0.186708	N/A	0.0710209	0.0731465	0.325158	0.854145	0.837154	0.0245099	0.901637	0.64144	0.0754558	0.363161
51	0.0701544	0.599542	0.549344	0.258966	0.108544	0.0649951	0.0470442	0.717012	0.948047	0.148478	0.201572	0.0178117	N/A	0.806133	0.056891	0.302117	0.84631	0.325795	0.412874	0.257538	0.64144	0.205732	0.753553
55	3.05947e-08	1.10189e-31	0.71955	0.00014579	0.00796995	0.0754506	0.0013788	0.219196	0.364044	0.753771	0.753771	0.0232687	N/A	0.788989	0.00497395	0.302117	0.58223	0.0888479	0.0846272	0.108428	0.0925351	0.873061	0.40284
56	0.0752635	0.857655	0.71955	0.917006	3.84094e-06	0.0817034	0.093783	0.346418	0.346317	0.491391	0.32104	0.186708	N/A	0.281236	0.0982515	0.562706	0.356244	0.325795	0.15464	0.694759	0.622728	0.0754558	0.363161
57	0.0166772	0.0373738	0.558081	0.489005	0.0261493	0.121904	0.0013788	0.53434	0.000118165	0.266513	0.548292	0.627492	N/A	0.0281555	0.117917	0.325158	0.854145	0.837154	0.866879	0.541744	0.0925351	0.882998	0.576715
60	0.0101844	4.39347e-07	0.276038	0.085959	0.68877	0.237853	0.896887	0.514115	0.659244	0.111834	0.818234	0.116923	N/A	0.281236	0.0982515	0.302117	0.84631	0.828298	0.248445	0.896887	0.632285	0.0754558	0.363161
67	0.857655	0.00379432	0.71325	0.0279211	0.331634	0.88596	0.502525	0.333807	0.382098	0.454527	0.933934	0.369052	N/A	0.79799	0.0490448	0.552212	0.83717	0.0828865	0.0785918	0.891355	0.622728	0.456057	0.31865
71	0.184215	0.0456138	0.359123	0.317717	0.882628	0.000561328	0.0276309	0.320491	0.64842	0.802645	0.454527	0.384927	N/A	0.806133	0.187036	0.540945	0.832009	0.81232	0.847026	0.888224	0.617792	0.471935	0.589388
72	0.0439318	9.35655e-10	0.0462886	0.183937	0.681473	0.0498034	0.364199	0.581131	0.636502	0.645653	0.645653	0.601273	N/A	0.251695	0.172385	0.0682922	0.356244	0.828298	0.0197383	0.894232	0.627558	0.873061	0.54748
73	0.0342148	3.63507e-13	0.156349	0.423019	0.87496	0.182468	0.660853	0.935473	0.528491	0.408583	0.520201	0.0283712	N/A	0.788989	0.157254	0.515701	0.308384	0.281846	0.0134428	0.881029	0.607594	0.438798	0.9075
85	0.00241728	0.84631	0.145948	0.304627	0.635375	0.432094	0.187546	0.280204	0.120464	0.828506	0.0165785	0.538348	N/A	0.689031	0.00498404	0.00627773	0.0780547	0.806112	0.0115986	0.876856	0.602326	0.479467	0.182055
86	0.00267228	1.50878e-50	0.0255235	0.379444	0.0781221	0.00965313	0.866973	0.509108	0.445698	0.562061	0.419193	0.241597	N/A	0.741704	0.0934941	0.186346	0.266776	0.111552	9.50199e-09	0.866973	0.591437	0.842149	0.882294
