FamilyID	Ptrog<1>	Hsapi<2>	Pabel<3>	Nleuc<4>	Mmula<5>	Panub<6>	Csaba<7>	Cjacc<8>	Csyri<9>	Mmuri<10>	Pcoqu<11>	Ogarn<12>	<13>	<14>	<15>	<16>	<17>	<18>	<19>	<20>	<21>	<22>	<23>
6	65	62	55	65	59	62	58	63	62	63	63	57	15	26	49	57	59	59	62	59	59	33	49
9	52	48	49	47	45	48	44	48	46	45	46	45	15	22	39	45	47	48	49	46	46	27	37
11	45	49	41	40	40	47	41	39	37	42	41	53	15	20	34	40	41	42	45	42	42	27	35
12	44	46	43	45	43	44	42	46	43	46	45	43	15	22	37	42	43	44	45	43	43	26	37
13	58	48	37	50	46	46	36	41	42	52	40	44	15	21	36	43	45	45	50	43	43	27	37
15	42	43	41	41	42	40	38	39	45	39	39	40	15	21	34	39	40	41	42	40	40	24	32
16	42	43	42	39	39	38	41	39	42	37	36	39	15	21	33	38	40	41	42	39	39	23	30
17	37	45	35	30	40	37	42	31	27	34	30	37	15	18	29	35	35	36	39	38	38	22	27
18	43	42	38	45	39	39	39	38	41	39	37	39	15	20	33	38	40	40	42	39	39	24	32
19	42	42	35	34	35	38	34	35	32	32	29	35	15	19	30	34	35	37	41	35	35	21	26
20	41	35	36	44	40	36	33	42	38	35	33	41	15	20	32	36	38	38	38	36	36	23	29
21	38	91	41	33	36	35	37	32	23	28	26	38	15	18	30	36	38	42	49	36	36	21	24
23	40	35	34	40	38	36	35	34	39	34	35	34	15	20	30	35	36	36	37	36	36	22	29
24	32	67	28	29	24	25	27	25	22	21	24	31	15	17	24	27	29	31	38	26	26	19	21
25	35	40	32	43	34	34	33	31	34	30	26	46	15	19	29	34	36	36	37	34	34	22	25
26	31	32	28	28	26	28	30	31	30	29	30	32	15	18	25	27	28	29	31	28	28	21	26
27	40	33	31	37	39	37	27	30	35	30	29	32	15	19	28	33	34	34	35	34	34	21	26
28	37	25	27	35	37	38	24	36	45	38	32	27	15	20	29	31	31	30	30	32	33	21	29
29	33	31	28	30	29	30	34	32	30	34	31	31	15	18	26	29	30	30	31	30	30	21	27
30	32	30	30	32	30	31	30	30	31	31	30	29	15	18	26	29	30	30	31	30	30	20	26
31	31	38	22	24	28	30	20	21	27	28	26	31	15	17	22	25	26	27	32	26	26	20	24
32	19	23	13	8	15	5	13	14	5	6	4	53	10	10	12	12	12	14	19	12	12	12	7
33	29	30	28	29	29	28	29	28	30	29	29	29	15	17	24	27	28	28	29	28	28	20	25
34	36	48	14	24	41	43	39	23	16	52	24	35	15	16	24	29	28	28	37	38	38	22	29
36	43	39	30	18	42	23	33	26	13	10	9	28	15	16	24	28	28	31	38	31	31	15	12
38	40	32	26	34	30	29	24	32	31	22	21	28	15	18	26	29	31	31	34	28	28	18	20
42	40	28	22	23	30	29	24	32	27	21	18	30	15	17	24	26	26	26	30	27	27	18	19
44	28	48	19	9	17	19	15	14	2	6	3	36	10	10	14	17	17	21	30	17	17	11	7
46	31	29	20	23	25	28	19	23	26	22	22	23	15	17	22	24	24	24	28	24	24	18	20
51	27	23	24	19	27	28	20	21	14	20	12	27	15	15	20	22	22	23	24	24	24	17	16
55	16	60	22	12	32	30	18	24	9	10	10	21	13	13	20	22	21	23	26	25	26	13	11
56	28	25	22	22	11	23	23	23	19	22	23	23	15	16	20	21	22	23	25	20	20	18	20
57	28	21	25	22	31	29	18	24	38	19	14	16	15	18	22	24	24	24	24	25	26	15	16
60	24	12	24	26	21	24	22	22	17	25	19	24	15	16	20	22	22	22	20	22	22	18	20
67	25	30	21	15	18	20	21	22	10	19	17	18	14	14	19	20	20	22	25	20	20	15	17
71	17	22	17	21	19	26	15	21	16	16	19	19	15	15	18	19	19	19	19	19	19	16	17
72	23	39	18	25	20	25	19	15	15	15	15	14	13	14	17	21	22	22	26	21	21	13	14
73	20	39	16	16	17	19	16	16	10	16	12	22	13	13	16	17	18	19	23	17	17	14	14
85	27	22	15	20	15	17	18	8	2	3	0	6	6	6	11	16	18	18	22	16	16	5	3
86	23	79	13	13	17	10	14	10	6	10	7	12	9	9	12	14	15	17	28	14	14	9	9
