FamilyID	Ptrog<1>	Hsapi<2>	Pabel<3>	Nleuc<4>	Mmula<5>	Panub<6>	Csaba<7>	Cjacc<8>	Csyri<9>	Mmuri<10>	Pcoqu<11>	Ogarn<12>	<13>	<14>	<15>	<16>	<17>	<18>	<19>	<20>	<21>	<22>	<23>
6	3	0	-4	6	0	3	-1	14	36	14	14	24	0	11	23	8	2	0	3	2	0	18	16
9	3	-1	1	0	-1	2	-2	9	24	8	9	18	0	7	17	6	2	1	1	1	0	12	10
11	0	4	-1	-1	-2	5	-1	5	17	7	6	26	0	5	14	6	1	1	3	2	0	12	8
12	-1	1	-1	2	0	1	-1	9	21	9	8	17	0	7	15	5	1	1	1	1	0	11	11
13	8	-2	-8	5	3	3	-7	5	21	15	3	17	0	6	15	7	2	0	5	0	0	12	10
15	0	1	0	1	2	0	-2	5	24	7	7	16	0	6	13	5	1	1	1	1	0	9	8
16	0	1	1	-1	0	-1	2	6	21	7	6	16	0	6	12	5	2	1	1	1	0	8	7
17	-2	6	-1	-5	2	-1	4	2	9	7	3	15	0	3	11	6	0	1	3	3	0	7	5
18	1	0	-2	5	0	0	0	5	21	7	5	15	0	5	13	5	2	0	2	1	0	9	8
19	1	1	-2	-1	0	3	-1	5	13	6	3	14	0	4	11	4	1	2	4	1	0	6	5
20	3	-3	-2	6	4	0	-3	10	18	6	4	18	0	5	12	4	2	0	0	0	0	8	6
21	-11	42	-1	-5	0	-1	1	2	5	4	2	17	0	3	12	6	2	4	7	0	0	6	3
23	3	-2	-2	4	2	0	-1	4	19	5	6	12	0	5	10	5	1	0	1	1	0	7	7
24	-6	29	-3	0	-2	-1	1	1	5	0	3	12	0	2	7	3	2	2	7	-1	0	4	2
25	-2	3	-4	7	0	0	-1	2	15	5	1	24	0	4	10	5	2	0	1	0	0	7	3
26	0	1	-1	0	-2	0	2	6	12	3	4	11	0	3	7	2	1	1	2	1	0	6	5
27	5	-2	-3	3	5	3	-7	2	16	4	3	11	0	4	9	5	1	0	1	1	0	6	5
28	7	-5	-3	4	4	5	-8	7	25	9	3	6	0	5	9	2	0	-1	0	1	1	6	8
29	2	0	-2	0	-1	0	4	6	12	7	4	10	0	3	8	3	1	0	1	1	0	6	6
30	1	-1	0	2	0	1	0	4	13	5	4	9	0	3	8	3	1	0	1	1	0	5	6
31	-1	6	-5	-2	2	4	-6	-1	10	4	2	11	0	2	5	3	1	1	5	1	0	5	4
32	0	4	-1	-4	3	-7	1	2	-5	-1	-3	41	0	0	2	0	0	2	5	0	0	2	-5
33	0	1	0	1	1	0	1	4	13	4	4	9	0	2	7	3	1	0	1	1	0	5	5
34	-1	11	-14	-4	3	5	1	-1	0	23	-5	13	0	1	8	5	-1	0	9	9	0	7	7
36	5	1	-1	-10	11	-8	2	2	-3	-2	-3	13	0	1	8	4	0	3	7	3	0	0	-3
38	6	-2	-5	3	2	1	-4	6	13	2	1	10	0	3	8	3	2	0	3	-1	0	3	2
42	10	-2	-4	-3	3	2	-3	8	10	2	-1	12	0	2	7	2	0	0	4	1	0	3	1
44	-2	18	-2	-8	0	2	-2	0	-8	-1	-4	25	0	0	4	3	0	4	9	0	0	1	-4
46	3	1	-4	-1	1	4	-5	1	9	2	2	5	0	2	5	2	0	0	4	0	0	3	2
51	3	-1	1	-3	3	4	-4	1	-1	4	-4	10	0	0	5	2	0	1	1	2	0	2	-1
55	-10	34	-1	-9	6	4	-7	4	-4	-1	-1	8	0	0	7	2	-1	2	3	3	1	0	-2
56	3	0	-1	0	-9	3	3	3	3	2	3	5	0	1	4	1	1	1	2	-1	0	3	2
57	4	-3	1	-2	5	3	-7	2	20	3	-2	1	0	3	4	2	0	0	0	1	1	0	1
60	4	-8	2	4	-1	2	0	2	1	5	-1	6	0	1	4	2	0	0	-2	0	0	3	2
67	0	5	-1	-5	-2	0	1	3	-4	2	0	3	0	0	5	1	0	2	3	0	0	1	2
71	-2	3	-2	2	0	7	-4	3	1	-1	2	3	0	0	3	1	0	0	0	0	0	1	1
72	-3	13	-4	3	-1	4	-2	-2	1	1	1	1	0	1	3	4	1	0	4	0	0	0	1
73	-3	16	-3	-2	0	2	-1	0	-3	2	-2	8	0	0	3	1	1	1	4	0	0	1	0
85	5	0	-3	2	-1	1	2	-3	-4	0	-3	1	0	0	5	5	2	0	4	0	0	-1	-2
86	-5	51	-4	-2	3	-4	0	-2	-3	1	-2	3	0	0	3	2	1	2	11	0	0	0	0
